DefaultSC.Earth.BetaAngle   
26.09327281439386           
26.09320931124062           
26.0931173412984            
26.09302147675162           
26.09292515596628           
26.09282877420828           
26.09273237806362           
26.09263597086184           
26.09253955380375           
26.09244312745212           
26.09234669067863           
26.092250244757             
26.09215378880286           
26.09205732263133           
26.09196084709348           
26.09186436212487           
26.09176786668678           
26.09167136130889           
26.09157484558964           
26.09147832109506           
26.09138178710586           
26.09128524305848           
26.09118868896291           
26.09109212410524           
26.09099555024693           
26.09089896682902           
26.09080237385662           
26.09070577172783           
26.09060915874087           
26.0905125361119            
26.09041590326911           
26.09031926051947           
26.09022260863855           
26.09012594658764           
26.09002927389734           
26.08993259265892           
26.08983590059449           
26.08973919868951           
26.08964248734038           
26.08954576637493           
26.08944903590619           
26.08935229493253           
26.0892555450867            
26.08915878470089           
26.08906201419191           
26.08896523527102           
26.08886844552912           
26.08877164623767           
26.08867483757633           
26.08857801935442           
26.08848119053591           
26.08838435244344           
26.08828750463547           
26.08819064707994           
26.08809377957626           
26.0879969022258            
26.08790001491752           
26.08780311833368           
26.08770621161949           
26.08760929477063           
26.08751236782448           
26.08741543108595           
26.08731848460364           
26.08722152904585           
26.08712456345898           
26.08702758776363           
26.08693060225816           
26.08683360747246           
26.08673660268559           
26.08663958873234           
26.08654256436601           
26.08644553036716           
26.08634848636426           
26.08625143181476           
26.08615436750678           
26.08605729331266           
26.08596020924754           
26.08586311652405           
26.08576601397178           
26.08566890142647           
26.08557177904806           
26.08547464638352           
26.08537750447758           
26.08528035331469           
26.08518319197754           
26.08508602099549           
26.08498883995862           
26.08489164936056           
26.08479444883796           
26.08469723864827           
26.08460001825716           
26.08450278848915           
26.08440554820649           
26.08430829802457           
26.08421103867547           
26.08411376884191           
26.08401648933791           
26.08391920106217           
26.08382190268299           
26.08372459377464           
26.08362727478182           
26.08352994679034           
26.08343260912496           
26.08333526147011           
26.08323790355153           
26.08314053591641           
26.08304315861428           
26.08294577199733           
26.08284837483286           
26.0827509676084            
26.08265355138012           
26.08255612423082           
26.08245868804393           
26.08236124292437           
26.08226378752073           
26.082166322366             
26.08206884742926           
26.08197136179707           
26.08187386746108           
26.08177636319043           
26.08167884874008           
26.08158132488105           
26.08148379117341           
26.08138624812573           
26.08128869554152           
26.08119113252851           
26.08109355956499           
26.08099597663008           
26.0808983840483            
26.08080078213619           
26.08070317068635           
26.08060554885417           
26.08050791732623           
26.08041027588181           
26.0803126250513            
26.08021496380942           
26.08011729273979           
26.08001961281218           
26.07992192218011           
26.07982422353544           
26.07972651284293           
26.07962879336954           
26.07953106455277           
26.07943332528346           
26.0793355766075            
26.07923781833872           
26.07914004981383           
26.07904227148013           
26.0789444840721            
26.07884668638408           
26.0787488778669            
26.07865106050052           
26.07855323356175           
26.07845539652777           
26.07835754909243           
26.07825969305153           
26.07816182593288           
26.07806395021945           
26.07796606394589           
26.07786816765664           
26.07777026207339           
26.07767234689446           
26.07757442254836           
26.07747648749061           
26.07737854181132           
26.07728058706005           
26.07718262276653           
26.07708464831149           
26.07698666509862           
26.07688867132816           
26.07679066721586           
26.07669265338704           
26.0765946292647            
26.07649659658657           
26.0763985533094            
26.07630050111735           
26.076202438443             
26.07610436635834           
26.07600628460211           
26.07590819276724           
26.07581009154848           
26.07571198007571           
26.07561385940963           
26.07551572985884           
26.07541758946091           
26.07531943896863           
26.07522127846025           
26.07512310811444           
26.07502492779864           
26.07492673827845           
26.07482853867927           
26.07473032952569           
26.07463211002421           
26.07453388108987           
26.07443564265325           
26.07433739420464           
26.07423913589976           
26.0741408678798            
26.07404258974065           
26.07394430221097           
26.07384600411787           
26.07374769666049           
26.07364937936              
26.07355105279289           
26.0734527164569            
26.07335437016295           
26.07325601435454           
26.07315764790828           
26.07305927189804           
26.07296088632634           
26.07286249160643           
26.0727640870026            
26.07266567224469           
26.07256724794409           
26.07246881430993           
26.07237037072478           
26.07227191631871           
26.07217345167559           
26.0720749779269            
26.07197649424965           
26.07187800072445           
26.07177949792888           
26.07168098519064           
26.07158246271286           
26.0714839301615            
26.0713853877196            
26.07128683555288           
26.07118827416311           
26.07108970231769           
26.07099112078614           
26.07089252877738           
26.07079392745156           
26.07069531631958           
26.07059669542884           
26.07049806545472           
26.07039942525787           
26.07030077575928           
26.0702021165875            
26.07010344721316           
26.0700047680042            
26.0699060785214            
26.06980737965247           
26.06970867055471           
26.06960995289045           
26.06951122576934           
26.06941248808519           
26.06931374074312           
26.06921498376028           
26.06911621582616           
26.0690174393525            
26.06891865300537           
26.06881985621985           
26.06872104942296           
26.06862223407163           
26.06852340923744           
26.06842457373634           
26.06832572881968           
26.06822687361958           
26.06812800877846           
26.06802913446811           
26.06793024946841           
26.0678313546096            
26.06773245060238           
26.06763353669939           
26.06753461374843           
26.06743568028498           
26.0673367374554            
26.06723778400081           
26.0671388215093            
26.06703984952319           
26.06694086655253           
26.06684187399122           
26.0667428724065            
26.06664386130092           
26.06654484018117           
26.06644580825294           
26.06634676659082           
26.06624771568776           
26.06614865493886           
26.06604958371885           
26.06595050322873           
26.06585141350535           
26.06575231382762           
26.06565320444294           
26.06555408521449           
26.06545495618309           
26.06535581749491           
26.06525666889501           
26.06515751160643           
26.0650583425933            
26.06495916410024           
26.06485997553936           
26.06476077861295           
26.06466157186836           
26.06456235458175           
26.06446312776164           
26.06436389090895           
26.06426464479709           
26.0641653888981            
26.0640661233331            
26.06396684775934           
26.0638675615882            
26.063768265978             
26.06366896114941           
26.06356964621449           
26.06347032149654           
26.06337098669559           
26.06327164324678           
26.0631722892277            
26.06307292635907           
26.06297355307865           
26.06287417003937           
26.06277477694065           
26.06267537339629           
26.06257596052148           
26.06247653852441           
26.06237710634823           
26.06227766364402           
26.06217821171999           
26.06207875009415           
26.06197927824866           
26.06187979764607           
26.06178030663709           
26.06168080558026           
26.06158129432889           
26.06148177368321           
26.06138224340351           
26.06128270353286           
26.0611831536778            
26.06108359376924           
26.06098402461923           
26.06088444606568           
26.06078485741688           
26.06068525876741           
26.0605856501764            
26.06048603157025           
26.06038640374257           
26.06028676610699           
26.06018711886141           
26.06008746112334           
26.05998779381521           
26.05988811693134           
26.05978842991938           
26.05968873343539           
26.05958902781213           
26.05948931153418           
26.05938958607617           
26.05928985074098           
26.05919010531713           
26.05909035019522           
26.05899058483729           
26.05889081008277           
26.05879102557287           
26.05869123136003           
26.05859142690015           
26.05849161290247           
26.05839178910723           
26.05829195590263           
26.05819211285822           
26.05809226046745           
26.05799239784951           
26.05789252504711           
26.05779264271127           
26.05769275030029           
26.05759284896766           
26.05749293769012           
26.05739301684134           
26.0572930857389            
26.05719314472544           
26.05709319303304           
26.05699323234554           
26.05689326234079           
26.05679328277462           
26.05669329308882           
26.05659329410033           
26.05649328525096           
26.05639326671031           
26.05629323740465           
26.05619319764154           
26.05609314867376           
26.05599308978471           
26.05589302182301           
26.05579294461264           
26.05569285735867           
26.05559275988063           
26.05549265111795           
26.05539253479236           
26.05529240806336           
26.05519227172334           
26.05509212533081           
26.0549919692046            
26.05489180302245           
26.05479162726685           
26.05469144183901           
26.05459124679087           
26.05449104271597           
26.05439082875537           
26.05429060468936           
26.05419037092523           
26.05409012715539           
26.0539898735003            
26.05388961049379           
26.05378933646064           
26.05368905391029           
26.053588760667             
26.05348845848203           
26.05338814622749           
26.05328782436966           
26.05318749215339           
26.05308714993791           
26.05298679848581           
26.05288643642088           
26.05278606435741           
26.05268568325619           
26.05258529195765           
26.05248489181892           
26.0523844814941            
26.05228406148172           
26.05218363119481           
26.05208319208047           
26.05198274264455           
26.05188228278352           
26.05178181375589           
26.05168133456236           
26.05158084600399           
26.05148034760317           
26.05137983992699           
26.05127932170051           
26.05117879357924           
26.05107825751972           
26.05097771062951           
26.05087715367014           
26.05077658741042           
26.05067601106357           
26.05057542482476           
26.05047482913273           
26.05037422350891           
26.05027360834664           
26.05017298320197           
26.05007234848771           
26.04997170454734           
26.04987105019837           
26.0497703859902            
26.04966971303839           
26.04956902962828           
26.04946833713732           
26.04936763366232           
26.04926692083778           
26.0491661977468            
26.04906546575691           
26.04896472347837           
26.0488639704147            
26.04876320817164           
26.04866243664226           
26.04856165535351           
26.04846086502169           
26.04836006443059           
26.04825925432993           
26.04815843355049           
26.04805760252135           
26.04795676251196           
26.04785591257959           
26.04775505338564           
26.04765418357992           
26.04755330424384           
26.04745241543503           
26.04735151691738           
26.04725060935406           
26.04714969186826           
26.04704876336883           
26.04694782547025           
26.04684687829674           
26.046745921326             
26.04664495499558           
26.0465439776122            
26.04644299197736           
26.04634199581081           
26.04624099042694           
26.04613997428078           
26.04603894854138           
26.04593791252993           
26.04583686771457           
26.04573581265906           
26.04563474735144           
26.04553367224607           
26.04543258723652           
26.04533149257518           
26.04523038837738           
26.04512927472075           
26.0450281516515            
26.0449270181264            
26.0448258753474            
26.04472472154319           
26.04462355918164           
26.0445223872543            
26.04442120509259           
26.04432001285994           
26.04421881113989           
26.04411760040719           
26.04401637937103           
26.04391514781739           
26.04381390742163           
26.04371265670697           
26.04361139649603           
26.04351012633895           
26.04340884658786           
26.04330755730758           
26.04320625813623           
26.04310494883105           
26.04300362984051           
26.04290230081727           
26.04280096264552           
26.04269961503055           
26.04259825742402           
26.04249688970033           
26.04239551281994           
26.04229412574093           
26.04219272818137           
26.04209132176159           
26.0419899047608            
26.04188847908749           
26.04178704282931           
26.04168559650978           
26.04158414074296           
26.04148267509634           
26.04138119971255           
26.04127971531353           
26.04117822062076           
26.04107671628708           
26.04097520226633           
26.0408736789968            
26.04077214538067           
26.04067060242373           
26.04056904907808           
26.04046748625923           
26.04036591304498           
26.04026433007457           
26.04016273765683           
26.04006113546135           
26.03995952339352           
26.03985790121196           
26.0397562697939            
26.0396546288413            
26.03955297800149           
26.03945131703897           
26.03934964644343           
26.03924796692104           
26.0391462761339            
26.03904457601623           
26.03894286591429           
26.03884114705383           
26.0387394181303            
26.03863767886158           
26.03853592974397           
26.03843417165558           
26.03833240349262           
26.03823062593262           
26.03812883774069           
26.0380270405177            
26.03792523320444           
26.03782341594254           
26.03772158951572           
26.03761975307715           
26.03751790710297           
26.03741605072672           
26.03731418497357           
26.0372123100048            
26.03711042547694           
26.03700853098795           
26.03690662502235           
26.03680471091537           
26.03670278678927           
26.03660085206645           
26.03649890771582           
26.03639695359559           
26.03629498943438           
26.03619301600645           
26.03609103290492           
26.03598903945126           
26.03588703656601           
26.03578502439659           
26.03568300203325           
26.0355809699808            
26.03547892734649           
26.03537687670952           
26.03527481506832           
26.03517274448469           
26.03507066266575           
26.03496857199339           
26.03486647181326           
26.03476436155643           
26.03466224140767           
26.03456011189841           
26.03445797212632           
26.03435582259325           
26.03425366395744           
26.03415149551401           
26.03404931772127           
26.03394712875626           
26.03384493087668           
26.03374272266486           
26.03364050571177           
26.03353827822146           
26.03343604122139           
26.03333379451892           
26.03323153805485           
26.03312927132848           
26.03302699538045           
26.0329247100927            
26.03282241511396           
26.03272010982326           
26.03261779461798           
26.03251547024223           
26.03241313482805           
26.03231079029015           
26.03220843563141           
26.03210607137137           
26.03200369760419           
26.03190131436638           
26.0317989212084            
26.03169651875254           
26.03159410621612           
26.03149168394851           
26.03138925142313           
26.03128680907142           
26.03118435736182           
26.03108189571642           
26.03097942520057           
26.03087694440698           
26.03077445350684           
26.03067195389346           
26.03056944342053           
26.0304669231876            
26.03036439373815           
26.03026185467907           
26.03015930502325           
26.03005674595752           
26.02995417754618           
26.029851599228             
26.02974901012698           
26.02964641204574           
26.02954380355534           
26.02944118585328           
26.02933855845893           
26.02923592071496           
26.02913327386352           
26.02903061648628           
26.0289279497877            
26.02882527341559           
26.02872258750472           
26.02861989187154           
26.02851718643566           
26.02841447102258           
26.02831174501446           
26.0282090098609            
26.02810626524069           
26.02800351078398           
26.02790074660362           
26.02779797294878           
26.02769518911655           
26.02759239600062           
26.02748959338073           
26.02738678084415           
26.02728395816265           
26.02718112560065           
26.02707828307193           
26.02697543154704           
26.02687257036498           
26.02676969871382           
26.02666681774259           
26.02656392712363           
26.0264610258877            
26.02635811623989           
26.02625519531133           
26.02615226502477           
26.02604932498196           
26.02594637502614           
26.0258434159036            
26.02574044720318           
26.02563746865443           
26.0255344799501            
26.02543148151693           
26.02532847351078           
26.02522545608401           
26.02512242873837           
26.02501939126007           
26.02491634406855           
26.02481328686818           
26.02471021936396           
26.02460714330541           
26.02450405748204           
26.02440096106092           
26.02429785516364           
26.02419473953082           
26.02409161384132           
26.02398847824471           
26.02388533358078           
26.02378217945374           
26.02367901567778           
26.02357584140903           
26.02347265794457           
26.02336946544571           
26.02326626226205           
26.02316304881611           
26.02305982604657           
26.02295659405024           
26.0228533511244            
26.02275009876902           
26.02264683733652           
26.02254356537905           
26.02244028484717           
26.02233699420839           
26.02223369336352           
26.02213038244658           
26.0220270633841            
26.02192373335895           
26.02182039325329           
26.02171704401496           
26.02161368440967           
26.02151031558481           
26.0214069361085            
26.02130354748349           
26.02120014893776           
26.02109674076304           
26.02099332358006           
26.0208898969509            
26.02078646020889           
26.02068301347974           
26.02057955638367           
26.02047608989308           
26.02037261311203           
26.02026912563308           
26.02016563022485           
26.0200621240945            
26.01995860861225           
26.01985508321739           
26.01975154836752           
26.01964800407534           
26.01954445009961           
26.01944088538444           
26.01933731068814           
26.01923372697108           
26.01913013337645           
26.01902653030457           
26.01892291737531           
26.01881929482302           
26.01871566238623           
26.01861202041573           
26.01850836864137           
26.0184047071724            
26.01830103633965           
26.01819735508684           
26.01809366345786           
26.01798996306143           
26.01788625240673           
26.01778253208964           
26.01767880163101           
26.01757506188224           
26.01747131253543           
26.01736755381784           
26.01726378480915           
26.01716000517497           
26.01705621718322           
26.01695241947026           
26.01684861169208           
26.01674479301701           
26.01664096567074           
26.01653712791685           
26.01643328080047           
26.01632942403888           
26.01622555790755           
26.01612168202577           
26.01601779595024           
26.0159138997275            
26.01580999415907           
26.01570607904484           
26.0156021533422            
26.01549821848786           
26.01539427292226           
26.01529031806014           
26.01518635319487           
26.0150823790768            
26.01497839575528           
26.01487440338675           
26.01477040023589           
26.01466638662172           
26.01456236377864           
26.01445833089896           
26.01435428888906           
26.01425023665087           
26.01414617537184           
26.01404210368346           
26.01393802177967           
26.01383393032141           
26.01372983026346           
26.01362572096382           
26.01352160024188           
26.01341747078055           
26.01331333124934           
26.01320918181477           
26.01310502234301           
26.01300085396098           
26.01289667550564           
26.01279248701797           
26.01268828870051           
26.01258408006829           
26.01247986219928           
26.01237563483714           
26.01227139819831           
26.01216715084674           
26.01206289352238           
26.01195862676165           
26.0118543509759            
26.01175006550246           
26.01164576993415           
26.01154146467101           
26.011437149188             
26.01133282344146           
26.01122848835787           
26.01112414418136           
26.01101978987045           
26.01091542568745           
26.01081105180502           
26.01070666872206           
26.01060227579106           
26.01049787293991           
26.01039345972738           
26.01028903690368           
26.01018460390496           
26.01008016224792           
26.0099757106014            
26.00987124915368           
26.00976677822332           
26.00966229739522           
26.00955780641181           
26.00945330627359           
26.009348797075             
26.00924427675846           
26.00913974622631           
26.0090352062037            
26.00893065707991           
26.00882609843134           
26.00872152996669           
26.00861695102488           
26.0085123635974            
26.00840776622808           
26.00830315910513           
26.00819854183953           
26.00809391425027           
26.00798927775714           
26.0078846308707            
26.00777997423113           
26.00767530867772           
26.00757063249606           
26.00746594661137           
26.0073612514               
26.0072565461467            
26.00715183185517           
26.00704710665252           
26.00694237165999           
26.00683762805154           
26.00673287382412           
26.00662811071279           
26.00652333696834           
26.0064185531369            
26.00631376026741           
26.006208957116             
26.00610414483023           
26.00599932318338           
26.00589449174377           
26.00578965097484           
26.00568479951836           
26.00557993834851           
26.00547506798858           
26.00537018772469           
26.00526529767163           
26.00516039753788           
26.00505548755452           
26.00495056730569           
26.00484563772355           
26.00474069836041           
26.00463574876299           
26.00453079008657           
26.00442582165042           
26.00432084362236           
26.00421585670617           
26.00411085870764           
26.00400585160109           
26.00390083402515           
26.00379580616353           
26.00369076914735           
26.00358572275486           
26.00348066687051           
26.00337560173639           
26.00327052633466           
26.00316544156801           
26.00306034677289           
26.0029552415254            
26.00285012583993           
26.00274500149171           
26.00263986660646           
26.00253472200346           
26.00242956886858           
26.00232440600939           
26.00221923321681           
26.00211405001721           
26.00200885704252           
26.00190365483474           
26.00179844272418           
26.00169322179356           
26.00158798978787           
26.00148274804368           
26.00137749663339           
26.00127223572065           
26.00116696503553           
26.00106168458349           
26.00095639489506           
26.00085109514254           
26.00074578625059           
26.00064046834056           
26.0005351390418            
26.00042980055155           
26.00032445227415           
26.00021909378662           
26.00011372574227           
26.000008348571             
25.99990296101974           
25.99979756381225           
25.999692157254             
25.99958674087446           
25.99948131485721           
25.99937587937014           
25.99927043349771           
25.99916497842354           
25.99905951333873           
25.99895403863185           
25.99884855382148           
25.99874305919316           
25.99863755478593           
25.99853204094594           
25.99842651726781           
25.99832098423515           
25.99821544115787           
25.99810988786031           
25.99800432479873           
25.99789875362706           
25.99779317131265           
25.99768757864782           
25.99758197640621           
25.99747636485378           
25.99742633973792           
